1000 10
3052 1379
2772 1353
2928 1233
3070 1542
2970 1383
2907 1375
2714 1402
2854 1400
2896 1164
2681 1283
3030 1313
3034 1317
2699 1160
2775 1195
2730 1188
2995 1260
3002 1372
2833 1265
2783 1192
2713 1282
3025 1533
2697 1331
2867 1178
2918 1479
2783 1356
2731 1180
2688 1359
2704 1311
2976 1446
2791 1401
3067 1221
2995 1275
3035 1236
3018 1285
2782 1295
2981 1237
2957 1180
2965 1470
2718 1364
2928 1399
3012 1406
2932 1158
2845 1249
2691 1173
2989 1168
3024 1403
2754 1515
3074 1502
2823 1427
3038 1215
3020 1437
2713 1374
2766 1428
2878 1441
2771 1400
2765 1271
2721 1443
2909 1330
2967 1270
3003 1188
2700 1191
2899 1224
2974 1174
2711 1237
2750 1489
2814 1455
3019 1484
2678 1230
2908 1500
2909 1235
2954 1534
3012 1335
2724 1371
2750 1439
2909 1248
2695 1238
2779 1419
2840 1233
2961 1440
3010 1256
2712 1253
3033 1371
2946 1370
3076 1156
2791 1446
2922 1164
3051 1398
2998 1400
2815 1230
2902 1421
2870 1509
2856 1457
2724 1508
2966 1277
3026 1431
2925 1240
2757 1376
2936 1469
2928 1256
2770 1352
3071 1216
2988 1196
2429 4864
2390 5115
2355 5155
2430 5081
2552 5199
2343 5061
2464 4875
2548 5164
2515 4963
2299 5061
2453 5099
2389 5029
2591 4917
2482 5098
2305 5167
2405 4929
2320 5017
2487 4923
2315 4860
2288 4922
2354 4959
2606 5155
2386 5001
2345 5139
2603 4884
2499 4970
2291 5032
2556 5019
2298 4982
2524 5014
2386 5066
2520 5086
2393 5135
2615 5047
2609 4882
2330 4978
2436 5110
2346 4966
2336 4883
2580 5148
2597 5016
2365 4954
2408 5106
2311 5109
2454 5117
2564 4886
2393 4869
2381 5101
2406 5025
2606 5189
2284 5202
2624 5179
2587 5152
2307 4942
2497 5044
2565 5018
2493 5157
2294 4944
2333 5073
2474 4878
2530 5018
2488 5128
2321 5010
2541 5133
2300 5167
2487 5161
2450 4995
2306 4879
2423 5143
2328 5055
2443 4912
2408 5007
2532 5135
2531 4913
2618 4857
2585 5087
2523 4930
2381 4922
2315 5123
2326 4896
2378 5086
2316 4929
2403 5113
2364 4963
2499 4885
2335 4857
2371 5132
4018 5741
3874 5671
3762 5724
3880 5421
3912 5433
3768 5642
3706 5405
3993 5521
3730 5625
3980 5581
3680 5569
3954 5760
3860 5522
4027 5580
3804 5560
3721 5530
4026 5723
3805 5473
3970 5571
3816 5530
3987 5458
3723 5426
3675 5680
3747 5663
3992 5453
3943 5470
3821 5410
3805 5452
3969 5433
3685 5723
3998 5558
3723 5480
3865 5446
3914 5427
3813 5559
3687 5519
3869 5464
3764 5610
3994 5507
3958 5519
3913 5520
3834 5498
3737 5644
4019 5475
3787 5553
3911 5463
3859 5744
3914 5588
4030 5524
3707 5500
4004 5617
3974 5675
3760 5469
3722 5572
3990 5462
3956 5616
3677 5524
3707 5425
3757 5568
3765 5407
3762 5564
3842 5560
3905 5493
3896 5485
4026 5495
3799 5563
3759 5472
3934 5599
3980 5496
3796 5638
3976 5543
3996 5452
3947 5528
4019 5595
3792 5716
3828 5638
3733 5458
3710 5590
3912 5429
3852 5629
3884 5574
3749 5745
3693 5405
3749 5723
3896 5562
3900 5697
3863 5560
3813 5697
3716 5588
3802 5551
2085 1747
2099 1904
1794 1955
1944 1835
2137 1768
1792 1996
2126 1712
1817 1848
1948 1837
2128 1908
1768 1795
2015 2010
1976 1850
2050 1859
2048 2101
2020 2060
1780 1838
1959 1942
1993 2122
1766 1794
2040 1887
2132 1864
2095 1808
1927 1999
2039 1789
2006 1914
1950 1712
2101 1734
1878 2095
1840 1908
2129 2031
1870 1936
2155 1840
2064 2058
1932 1698
2039 2100
1774 1800
2106 2084
1935 2054
1947 1939
1779 2116
1784 2058
1749 1961
1873 2081
1882 2110
1904 1985
2066 1720
1767 2070
1737 1815
2157 2037
1893 2043
1924 1741
1866 2122
1775 1973
2150 2096
1912 1957
2043 2016
1898 2053
1765 2004
1862 2027
1748 2006
2019 2019
1841 1788
1813 1897
1800 1941
2031 1706
2074 1813
2143 2010
1788 1983
2102 2121
2068 2108
1883 1920
1982 1899
1977 1790
1746 2019
1777 1704
2132 2069
1820 2033
1840 1726
1981 1874
1755 2059
1766 1981
2117 2095
2008 1930
1804 1965
2148 2070
1981 1891
1855 1964
1834 1786
2073 2114
2080 2103
2110 2077
1914 1709
1985 1991
2074 1884
2041 1900
2046 1889
2105 1870
2009 1703
1855 1786
1843 1833
1740 1884
1862 1725
1986 2046
2062 2005
2149 1772
1740 1736
6036 5152
6089 5003
5984 5261
6171 5384
5907 5159
6326 5175
5992 5332
6005 5310
6237 4968
5945 5051
6159 5215
5978 5334
6316 5092
6112 5057
6218 5258
5974 4998
6163 5027
6322 5138
6152 5068
6291 5252
6326 5261
6258 5226
6137 5013
6142 5088
6191 5256
6146 5221
5961 5310
6149 5054
5932 5315
6334 4947
6315 5245
6227 5244
6083 5117
6066 5229
6199 5202
6157 5202
6317 5338
6107 5018
6008 5291
6069 5293
6103 5053
5938 5163
6023 5268
6318 5039
5908 4977
6223 5380
6150 5048
6134 5315
5921 5336
6212 5196
6205 5003
6088 5189
6120 5223
6220 5217
5944 5341
6058 5038
5910 5372
6213 4974
6259 5277
6207 5354
6077 4963
5910 5103
6029 5360
6302 5092
6314 5130
6057 5044
5918 5066
6094 5030
6135 4984
6062 5322
5957 5065
6076 4978
6150 5329
6090 5273
6343 5009
6116 5210
6161 5325
6057 5168
6290 5201
6056 5385
6192 4973
5965 5208
6002 5292
6320 5108
6030 5369
6164 5270
6171 4997
6136 5361
6277 4988
6026 5160
6061 5036
6125 5275
5953 5106
6265 5108
6135 5378
6187 4993
5977 5138
6303 4965
6345 5149
6249 5043
6346 5317
5995 5075
6026 5066
6121 5320
6169 5357
5944 5152
6291 5234
6273 5278
6293 5100
6137 4978
5950 5385
9284 6860
9464 7022
9620 7193
9474 7235
9410 6990
9468 6915
9436 6952
9473 7218
9337 7264
9514 7244
9449 6962
9569 7278
9587 7133
9603 7042
9391 7092
9556 7270
9509 7245
9224 7279
9558 7192
9303 7229
9418 7266
9256 7150
9401 7147
9305 7031
9382 7204
9310 7280
9360 6997
9352 7152
9571 6998
9216 7056
9527 6956
9332 7180
9296 7135
9529 7008
9502 7242
9250 7264
9245 7218
9344 6995
9551 7194
9203 7056
9393 7086
9232 6904
9387 7007
9219 6998
9556 7279
9494 7165
9589 7221
9322 7106
9317 6955
9486 7274
9605 7142
9382 7164
9437 6982
9213 7050
9375 7070
9311 6931
9377 7198
9456 7237
9217 7216
9353 6954
9212 7096
9388 6961
9536 6927
9397 6902
9524 6921
9436 7068
9212 6941
9393 7194
9336 6909
9583 6931
9247 6936
9284 6979
9536 6892
9279 7142
9426 7007
9507 6867
9613 7120
9507 7114
9312 6929
9238 6994
9396 7217
9502 7126
9521 7111
9395 6969
9568 6961
9621 6911
9401 7014
9378 7053
9597 7008
9349 6924
9294 7094
9608 7090
9542 7024
9515 6890
9501 7181
9373 7029
9271 7274
9226 7081
9230 7156
9557 6969
9492 6944
9488 7125
9203 7104
9603 6963
9232 7081
9553 6998
4476 2409
4426 2787
4710 2763
4418 2660
4620 2643
4672 2736
4819 2551
4620 2375
4706 2605
4711 2494
4755 2784
4490 2715
4479 2671
4588 2571
4591 2455
4386 2442
4432 2730
4786 2571
4415 2655
4650 2385
4789 2476
4775 2774
4524 2738
4743 2353
4371 2624
4818 2357
4567 2363
4727 2759
4779 2708
4659 2664
4632 2721
4520 2613
4800 2345
4779 2475
4576 2642
4446 2631
4716 2470
4800 2620
4504 2406
4737 2366
4796 2676
4802 2415
4407 2759
4564 2520
4760 2499
4425 2627
4696 2336
4720 2646
4804 2388
4620 2675
4714 2451
4743 2589
4785 2430
4459 2341
4550 2417
4602 2526
4380 2786
4566 2342
4388 2767
4483 2758
4670 2598
4620 2380
4551 2499
4563 2431
4627 2622
4493 2538
4364 2611
4781 2765
4579 2742
4736 2624
4471 2422
4402 2369
4700 2385
4638 2568
4510 2568
4699 2481
4734 2701
4517 2466
4564 2738
4730 2646
4566 2468
4679 2449
4575 2760
4777 2557
4643 2413
4752 2436
4610 2610
4456 2479
4444 2777
4595 2582
4460 2564
4516 2785
4640 2750
4525 2495
4727 2606
4595 2476
4700 2384
4768 2568
4714 2564
4553 2350
4785 2651
4441 2610
4544 2479
4630 2727
4435 2722
4435 2632
4527 2786
4798 2429
4707 2684
4690 2433
4657 2718
4640 2481
4638 2489
4713 2575
2529 4445
2278 4254
2583 4399
2259 4329
2302 4192
2259 4178
2529 4219
2384 4432
2283 4180
2594 4457
2584 4422
2532 4215
2313 4186
2445 4172
2396 4331
2269 4244
2268 4232
2454 4411
2548 4217
2414 4367
2538 4326
2562 4294
2249 4500
2284 4514
2559 4434
2264 4308
2569 4179
2452 4256
2476 4348
2310 4448
2374 4257
2434 4523
2467 4427
2556 4503
2484 4445
2395 4284
2397 4439
2447 4411
2286 4218
2469 4256
2484 4429
2264 4259
2513 4447
2313 4245
2506 4206
2546 4409
2527 4263
2328 4208
2304 4239
2560 4443
2398 4290
2275 4186
2495 4506
2372 4186
2486 4371
2530 4303
2515 4300
2377 4510
2423 4464
2478 4446
2442 4374
2266 4415
2512 4261
2438 4428
2458 4348
2313 4238
2425 4338
2382 4337
2296 4505
2473 4394
2411 4264
2379 4249
2306 4185
2292 4203
2466 4271
2409 4516
2582 4189
2246 4283
2402 4483
2325 4198
2521 4346
2464 4312
2319 4243
2371 4328
2577 4474
2502 4467
2323 4257
2281 4261
7533 3864
7772 3920
7582 3870
7705 3847
7841 3792
7560 3805
7633 3822
7721 3873
7584 3733
7591 3934
7823 3735
7708 3959
7694 3938
7580 3793
7768 3647
7708 3704
7687 3732
7704 3791
7574 3892
7871 3687
7616 3782
7713 3655
7845 3933
7530 3781
7582 3838
7637 3934
7549 3894
7711 3642
7865 3922
7613 3702
7599 3844
7770 3611
7606 3664
7762 3728
7577 3842
7788 3627
7646 3678
7847 3604
7861 3669
7748 3821
7597 3918
7673 3845
7546 3870
7804 3879
7704 3607
7657 3942
7627 3903
7538 3615
7688 3871
7722 3858
7650 3857
7832 3937
7772 3711
7677 3917
7642 3873
7723 3662
7826 3830
7523 3637
7714 3694
7805 3776
7675 3842
7622 3618
7604 3864
7579 3688
7862 3725
7520 3786
7810 3864
7599 3702
7562 3613
7739 3622
7816 3814
7511 3676
7565 3949
7735 3695
7780 3722
7769 3819
7745 3954
7735 3946
7513 3720
7712 3729
7663 3650
7848 3837
7592 3872
7670 3730
7819 3733
7581 3923
7754 3706
7748 3663
7633 3907
7561 3879
7769 3858
7683 3682
7823 3887
4590 1571
4867 1708
4637 1588
4751 1793
4941 1704
4647 1809
4579 1694
4863 1828
4837 1913
4806 1664
4643 1841
4705 1722
4552 1644
4601 1528
4608 1630
4665 1918
4660 1863
4683 1591
4788 1884
4939 1783
4781 1568
4915 1823
4835 1653
4953 1537
4608 1717
4654 1668
4830 1622
4912 1730
4834 1901
4826 1608
4705 1842
4866 1557
4815 1901
4724 1919
4933 1727
4941 1787
4803 1765
4731 1819
4887 1640
4771 1877
4692 1632
4850 1825
4551 1594
4800 1795
4750 1871
4866 1658
4650 1599
4783 1688
4622 1534
4638 1716
4848 1798
4790 1820
4584 1685
4597 1846
4902 1769
4621 1841
4577 1849
4596 1711
4781 1845
4955 1574
4853 1609
4689 1528
4778 1710
4624 1695
4866 1553
4657 1821
4796 1744
4932 1715
4787 1794
4635 1832
4697 1759
4767 1613
4582 1592
4618 1622
4945 1560
4695 1891
4846 1859
4567 1784
4945 1797
4582 1594
4842 1527
4653 1859
4586 1662
4809 1528
4868 1740
4731 1737
4575 1546
4769 1728
4892 1846
4726 1886
4931 1642
4550 1906
4602 1837
4820 1907
4552 1551
4807 1776
4935 1815
4930 1614
4897 1710
4787 1539
4557 1553
4951 1808
