30
73
2 24 22 53 49 40 10 39 14 9 6 26 29 20 67 45 70 38 19 37 69 23 30 63 62 71 54 27 44 34 3 18 4 21 47 1 61 58 72 13 51 73 50 32 31 33 48 64 60 8 52 28 57 15 56 41 36 42 16 11 35 68 25 7 66 59 17 5 55 12 43 65 46 
24
11 3 8 14 24 20 19 21 5 7 22 6 1 13 17 16 4 15 12 10 23 2 9 18 
90
86 50 87 11 26 7 34 53 76 59 52 69 49 58 83 66 18 60 25 64 16 23 67 32 81 56 19 40 48 3 61 51 55 8 74 37 9 63 85 88 38 46 1 82 17 24 43 45 29 89 21 10 31 6 78 28 44 79 42 80 39 12 54 27 57 15 36 41 90 14 62 20 5 2 22 73 84 33 47 4 77 68 13 70 71 65 35 30 72 75 
32
19 14 1 20 32 3 28 27 9 13 24 15 25 5 8 26 21 11 7 17 6 12 2 4 22 29 18 16 30 10 31 23 
78
50 56 66 18 78 25 28 22 2 31 46 40 68 61 27 12 67 29 72 36 11 23 19 8 65 7 6 35 55 48 20 59 74 41 21 37 32 17 45 34 33 9 14 52 1 10 63 16 71 3 77 42 60 30 76 39 75 47 15 57 70 24 5 58 69 43 49 54 4 53 64 38 51 73 26 44 62 13 
71
42 36 13 46 2 10 54 51 26 59 71 23 21 27 55 4 28 52 16 70 15 44 69 18 11 39 43 62 30 29 9 60 12 22 65 40 53 45 24 7 32 66 48 1 63 56 33 38 37 19 17 68 58 31 47 67 50 20 3 61 41 34 57 14 6 8 5 35 49 25 64 
19
17 1 12 10 8 14 13 15 19 9 7 5 2 3 6 11 16 18 4 
88
63 34 49 29 39 56 36 37 23 26 70 66 82 31 54 24 77 60 73 85 81 41 6 61 16 88 15 33 27 42 58 65 74 20 25 71 3 11 64 87 53 45 48 18 5 22 8 57 4 21 1 28 68 43 59 38 35 10 62 80 83 14 7 30 69 78 19 47 12 2 76 51 9 72 55 13 40 44 84 50 32 75 46 52 79 17 67 86 
16
9 1 10 12 11 4 5 14 8 7 3 16 2 15 13 6 
97
91 32 41 57 36 29 76 19 37 31 42 50 7 18 70 25 47 4 97 71 28 93 68 56 11 75 55 49 54 6 45 20 14 15 22 16 82 90 85 67 34 64 59 86 66 58 89 3 26 12 52 74 33 65 2 8 81 44 10 96 48 24 80 27 17 43 1 46 69 30 79 21 77 87 23 60 51 62 73 13 40 38 5 88 53 95 78 61 9 83 63 72 35 92 39 84 94 
29
10 17 24 25 11 3 19 2 26 5 28 22 21 8 4 9 27 20 13 1 23 29 18 15 12 14 6 16 7 
93
43 82 7 63 67 61 53 77 19 25 18 44 49 48 81 28 11 90 38 6 73 47 10 5 60 31 83 24 71 37 89 9 22 85 20 39 80 64 62 29 26 21 75 4 40 58 13 30 50 78 46 54 66 93 3 69 12 68 59 55 70 1 65 23 87 52 76 41 33 57 15 74 86 84 27 56 79 91 2 14 32 36 34 45 8 72 92 35 51 88 16 17 42 
23
1 19 7 11 17 10 4 20 18 5 15 13 21 12 16 14 3 8 2 9 6 23 22 
67
39 22 33 38 31 32 67 51 55 28 35 7 26 1 19 15 20 66 14 44 37 58 3 41 24 56 50 36 49 42 40 27 8 30 54 65 16 62 48 29 52 25 45 34 13 12 57 47 21 9 60 2 43 64 10 63 5 17 4 6 46 23 11 53 59 18 61 
93
2 43 13 92 11 28 53 84 93 15 79 87 8 50 81 57 33 34 60 23 89 10 74 77 25 70 20 7 24 30 67 51 78 12 65 59 76 31 48 38 90 63 36 22 27 75 71 47 68 42 83 6 72 9 86 44 19 62 82 21 3 41 73 26 5 55 29 61 52 58 69 80 64 39 37 49 91 14 88 16 85 56 17 46 32 45 4 1 54 18 66 40 35 
30
4 11 26 24 13 22 12 7 6 21 17 5 30 8 18 25 9 27 1 29 3 28 23 14 19 2 15 20 16 10 
57
23 7 56 37 22 30 1 38 57 52 27 2 13 9 14 15 41 42 34 46 18 6 16 47 40 5 21 39 4 11 53 51 44 48 29 24 43 17 26 36 35 54 19 50 49 12 28 3 45 20 31 33 8 55 32 10 25 
88
17 1 50 49 15 26 81 43 11 47 88 25 75 22 68 4 65 66 53 51 62 14 56 38 85 77 79 64 44 46 40 71 86 23 24 84 34 36 13 21 42 45 18 61 76 63 48 59 58 29 54 41 20 9 57 74 3 73 87 67 72 5 78 52 19 39 7 8 31 32 12 82 33 70 69 83 10 55 60 80 37 27 6 16 30 35 2 28 
59
38 36 11 4 37 41 23 19 6 22 39 42 55 33 43 52 26 14 29 25 46 12 24 1 18 53 5 40 28 50 51 59 21 9 7 10 17 20 48 49 57 31 32 56 54 15 34 8 58 45 35 16 13 47 27 44 3 2 30 
90
21 55 68 18 24 23 49 70 10 16 77 71 9 50 4 36 46 31 29 82 47 85 65 64 37 76 89 14 17 42 25 13 74 88 53 83 26 75 3 5 7 62 43 15 30 1 20 67 60 45 19 69 61 56 78 80 51 2 32 58 90 86 57 39 87 84 34 6 38 11 44 66 72 59 41 81 12 79 52 27 63 48 35 33 28 22 73 54 40 8 
39
12 16 18 7 23 17 1 4 13 36 3 25 27 29 19 39 22 35 8 9 2 5 28 37 32 24 33 15 14 10 6 30 11 38 34 31 21 20 26 
37
13 32 35 3 30 24 20 9 31 25 10 21 36 29 4 6 22 23 17 8 26 34 5 1 37 15 16 19 11 18 12 28 33 2 14 27 7 
1
1 
18
8 7 10 6 4 11 15 17 5 13 16 3 12 14 1 9 2 18 
5
4 5 1 2 3 
56
11 10 44 41 43 30 9 19 7 47 16 8 35 51 46 31 33 34 53 28 3 54 36 25 49 15 5 48 39 55 38 12 13 52 40 56 23 27 37 21 42 24 18 22 45 17 32 4 29 50 14 6 1 2 26 20 
63
56 33 54 36 4 52 2 50 19 25 22 29 11 60 5 17 30 7 61 45 16 38 34 21 18 10 51 49 8 43 46 13 39 31 1 58 3 62 15 40 55 48 12 23 53 14 47 44 35 63 28 32 57 59 20 41 27 6 9 42 26 24 37 
40
37 23 39 12 13 15 1 5 8 2 24 18 21 10 16 17 40 32 31 35 11 14 4 26 27 7 33 22 38 20 25 6 34 9 36 3 29 30 28 19 
55
1 2 26 20 22 27 3 7 28 51 8 19 25 50 5 30 13 45 10 53 38 37 44 34 24 52 49 23 6 41 18 12 16 39 46 31 14 15 48 35 54 32 9 29 47 33 42 4 11 21 43 36 17 40 55 
36
28 2 25 21 32 19 27 11 1 4 33 23 22 9 26 7 13 36 20 12 29 34 3 17 15 5 16 6 14 8 35 30 10 24 18 31 
