30
32631 29980 31105 21893 31312 17429 22088 18782 19070 29092 3979 768 27544 10648 1586 29376 4977 30207 22882 17221 27109 10206 31834 10207 28114 14373 25499 25882 11108 13537 
297907 302532
4
18324 10134 3764 26844 
28458 30608
12
9461 23170 25065 954 9639 23406 4705 9190 20141 26885 24551 10164 
91695 95636
48
1464 2168 17725 14419 14736 25166 28388 20512 1309 21252 32232 28131 176 16892 27445 22944 31690 2558 2688 11278 12499 11809 31634 19102 24847 21999 17892 25784 27855 21700 21101 22088 15332 16503 14264 4985 2649 23356 3129 448 28002 21705 13025 25117 9359 9912 22000 12446 
398217 405498
36
4141 1035 7460 15983 29880 9102 361 19057 8829 12323 30786 30045 17298 30356 31266 31082 32424 17117 8928 17314 2798 13446 1210 2778 15154 11567 11417 21223 17481 3437 15255 12303 17074 13268 14782 24254 
328545 223689
20
29269 1554 890 21586 28107 2002 10009 24344 7120 1276 17202 21587 21205 16911 29393 26922 8306 20244 7023 27783 
126157 196576
34
9695 8737 30584 6995 32147 271 31957 10244 30564 20776 31779 25232 2209 7188 23480 19971 17905 2666 11808 19914 29661 16932 26304 6087 142 2384 16825 3237 19160 264 25359 27241 23160 3235 
309734 234379
40
3402 28058 14637 11741 12995 32671 14613 21638 29414 11548 18470 15605 25587 6438 3000 2928 7209 14285 17192 28470 1500 8678 23685 13411 14792 22030 16780 11539 21413 2795 28887 13770 29948 30389 14161 22804 27192 12277 7661 22120 
319901 345832
28
2957 24472 4178 1732 7161 31596 9682 6806 13780 14118 15103 21820 7582 9690 13551 27779 17084 1765 27867 20182 11200 4388 7807 26638 30699 32355 5568 10380 
170677 237263
40
27416 24465 645 12283 24146 535 20894 7410 3564 11 24761 18171 13062 11105 526 7998 693 2855 28029 22252 7930 22703 22818 25984 5105 22512 43 17477 13643 3882 3046 792 28670 8649 4894 6767 25659 21132 9128 7834 
250821 258668
