50
3011230 13 37462393 125 19998 16004 856880 11601551 207299 2088 2709028 1055600 11768 14 5444 4001 2206 753267 14785 4109 6496 4253 26838 21089980 1357 37888625 1141475 238 107 112 113 22783264 32851 191 28 274 586 1239812 15584530 13029643 7055 143 1451881 291 61026 13308184 545248 81977265 13 188 
78866727 189053143
2
961 454295 
961 454295
28
377 9399 11 370591 152 11538947 5119764 11 1372 610 77468705 1514 57868 23270 69900 10269188 619 72848810 13794747 14 10324 39 1755465 259681 145331 714997 21785 408 
94592591 99891308
4
19 872618 1685 1908575 
872637 1910260
16
29 11 232359 1038602 1850 232 43291497 1738278 220 2201211 54578 829916 15183 5696493 123 9468 
46302858 8807192
50
76748 143 461957 2917 517038 476 15108 26 15 603692 5547176 629 5536 181 138 18686286 69249846 7607 14 51 477905 11937 79124 12613422 73496 685 29598 2503 1644294 14814 9339108 2697062 26 956 180 27237265 64514 464 307862 21604474 7831 2178 774306 2163 9036 89 487881 882113 230 16835789 
108431468 81945421
18
10208751 69659 503980 604 69797 2771 54444474 5547 12162542 23814556 66971 1589 208527 31305 122 1998896 1288 38527607 
77468125 64650861
42
16 32100773 16703808 7360520 415187 419 2492929 3241816 92 24978 42406259 13081 239319 127005 61 29 5685296 53594 22727 21477326 6335072 62792301 2069941 3749 742 55335500 25993 203 11902 259937 1042184 15615 4727614 6661041 179563 74332970 147419 50646 48956436 6566690 1260101 10 
138700307 264440557
2
30680 10 
30680 10
26
3445705 118320 336199 23990916 30695543 5468 112 11561673 16027681 4467 105300 20781 1206 4790825 158 1747 15005285 123494 93115 44 4612 118670 1317 38 357695 29107 
86313371 20526107
